{"producer":{"name":"Blender","version":"2.79 (sub 0)","exporter_version":"5.6.4","file":"suzan_anim.babylon"},
"autoClear":true,"clearColor":[0.0509,0.0509,0.0509],"ambientColor":[0,0,0],"gravity":[0,-9.81,0],
"materials":[{"name":"suzan_anim.Material.001","id":"suzan_anim.Material.001","ambient":[0.8,0.8,0.8],"diffuse":[0.8,0.8,0.8],"specular":[0.01,0.01,0.01],"emissive":[0,0,0],"specularPower":100,"alpha":1,"backFaceCulling":true,"checkReadyOnlyOnce":false,"maxSimultaneousLights":4, 
"diffuseTexture":{"name":"suzane.png","level":1,"hasAlpha":1,"coordinatesMode":0,"uOffset":0,"vOffset":0,"uScale":1,"vScale":1,"uAng":0,"vAng":0,"wAng":0,"wrapU":1,"wrapV":1,"coordinatesIndex":0}}],
"multiMaterials":[],
"skeletons":[{"name":"Armature","id":0,"dimensionsAtRest":[1.6976,3.2051,1.6083],"bones":[
{"name":"Torso","index":0,"matrix":[1,0,0,0,0,0.999,0.0441,0,0,0.0441,-0.999,0,0,0.9711,0.0633,1],"rest":[1,0,0,0,0,0.999,0.0441,0,0,0.0441,-0.999,0,0,0.9711,0.0633,1],"parentBoneIndex":-1,"length":0.6888
,"animation":{"dataType":3,"framePerSecond":24,"keys":[
{"frame":1,"values":[1,0,0,0,0,0.999,0.0441,0,0,0.0441,-0.999,0,0,0.9711,0.0633,1]},
{"frame":180,"values":[1,0,0,0,0,0.999,0.0441,0,0,0.0441,-0.999,0,0,0.9711,0.0633,1]}],"loopBehavior":1,"name":"anim","property":"_matrix"}},
{"name":"Neck","index":1,"matrix":[-1,0,0,0,0,0.9186,0.3952,0,0,0.3952,-0.9186,0,0,0.6888,0,1],"rest":[-1,0,0,0,0,0.9186,0.3952,0,0,0.3952,-0.9186,0,0,0.6888,0,1],"parentBoneIndex":0,"length":0.2999
,"animation":{"dataType":3,"framePerSecond":24,"keys":[
{"frame":1,"values":[-1,0,0,0,0,0.9186,0.3952,0,0,0.3952,-0.9186,0,0,0.6888,0,1]},
{"frame":180,"values":[-1,0,0,0,0,0.9186,0.3952,0,0,0.3952,-0.9186,0,0,0.6888,0,1]}],"loopBehavior":1,"name":"anim","property":"_matrix"}},
{"name":"Head","index":2,"matrix":[-1,0,0,0,0,0.9351,0.3543,0,0,0.3543,-0.9351,0,0,0.2999,0,1],"rest":[-1,0,0,0,0,0.9351,0.3543,0,0,0.3543,-0.9351,0,0,0.2999,0,1],"parentBoneIndex":1,"length":1.3292
,"animation":{"dataType":3,"framePerSecond":24,"keys":[
{"frame":1,"values":[-1,0,0,0,0,0.9351,0.3543,0,0,0.3543,-0.9351,0,0,0.2999,0,1]},
{"frame":180,"values":[-1,0,0,0,0,0.9351,0.3543,0,0,0.3543,-0.9351,0,0,0.2999,0,1]}],"loopBehavior":1,"name":"anim","property":"_matrix"}},
{"name":"UpperArm L","index":3,"matrix":[-0.3251,-0.9265,0.1897,0,0.8053,-0.3763,-0.4582,0,-0.4959,-0.0038,-0.8684,0,0.2198,1.7163,0.1348,1],"rest":[-0.3251,-0.9265,0.1897,0,0.8053,-0.3763,-0.4582,0,-0.4959,-0.0038,-0.8684,0,0.2198,1.7163,0.1348,1],"parentBoneIndex":-1,"length":0.7812
,"animation":{"dataType":3,"framePerSecond":24,"keys":[
{"frame":1,"values":[-0.3251,-0.9265,0.1897,0,0.8053,-0.3763,-0.4582,0,-0.4959,-0.0038,-0.8684,0,0.2198,1.7163,0.1348,1]},
{"frame":180,"values":[-0.3251,-0.9265,0.1897,0,0.8053,-0.3763,-0.4582,0,-0.4959,-0.0038,-0.8684,0,0.2198,1.7163,0.1348,1]}],"loopBehavior":1,"name":"anim","property":"_matrix"}},
{"name":"Arm L","index":4,"matrix":[0.2217,-0.8359,0.5021,0,0.3345,0.5489,0.7661,0,-0.9159,-0.0019,0.4013,0,0,0.7812,0,1],"rest":[0.2217,-0.8359,0.5021,0,0.3345,0.5489,0.7661,0,-0.9159,-0.0019,0.4013,0,0,0.7812,0,1],"parentBoneIndex":3,"length":1.0282
,"animation":{"dataType":3,"framePerSecond":24,"keys":[
{"frame":1,"values":[0.2217,-0.8359,0.5021,0,0.3345,0.5489,0.7661,0,-0.9159,-0.0019,0.4013,0,0,0.7812,0,1]},
{"frame":2,"values":[0.2196,-0.8359,0.5031,0,0.3259,0.5489,0.7697,0,-0.9195,-0.0051,0.393,0,0,0.7812,0,1]},
{"frame":3,"values":[0.2131,-0.8359,0.5059,0,0.2996,0.5487,0.7805,0,-0.93,-0.0148,0.3674,0,0,0.7812,0,1]},
{"frame":4,"values":[0.2019,-0.836,0.5102,0,0.2542,0.5478,0.7971,0,-0.9459,-0.0312,0.3231,0,0,0.7812,0,1]},
{"frame":5,"values":[0.1854,-0.8366,0.5154,0,0.1881,0.545,0.817,0,-0.9645,-0.0546,0.2584,0,0,0.7812,0,1]},
{"frame":6,"values":[0.1635,-0.838,0.5206,0,0.0999,0.539,0.8363,0,-0.9815,-0.0847,0.1719,0,0,0.7812,0,1]},
{"frame":7,"values":[0.1361,-0.8406,0.5242,0,-0.0102,0.528,0.8492,0,-0.9906,-0.1209,0.0633,0,0,0.7812,0,1]},
{"frame":8,"values":[0.1037,-0.845,0.5247,0,-0.1399,0.5099,0.8488,0,-0.9847,-0.1614,-0.0653,0,0,0.7812,0,1]},
{"frame":9,"values":[0.0679,-0.8514,0.5202,0,-0.2831,0.4835,0.8283,0,-0.9567,-0.2035,-0.2082,0,0,0.7812,0,1]},
{"frame":10,"values":[0.031,-0.8599,0.5095,0,-0.4303,0.4487,0.7833,0,-0.9022,-0.2435,-0.3561,0,0,0.7812,0,1]},
{"frame":11,"values":[-0.0042,-0.8701,0.4928,0,-0.57,0.407,0.7138,0,-0.8216,-0.2779,-0.4977,0,0,0.7812,0,1]},
{"frame":12,"values":[-0.0351,-0.8814,0.4711,0,-0.6921,0.3615,0.6248,0,-0.721,-0.3041,-0.6227,0,0,0.7812,0,1]},
{"frame":13,"values":[-0.06,-0.8927,0.4467,0,-0.7902,0.3159,0.5252,0,-0.6099,-0.3215,-0.7243,0,0,0.7812,0,1]},
{"frame":14,"values":[-0.0786,-0.9032,0.422,0,-0.8629,0.2736,0.4249,0,-0.4992,-0.3308,-0.8009,0,0,0.7812,0,1]},
{"frame":15,"values":[-0.0915,-0.9123,0.3991,0,-0.913,0.2369,0.3323,0,-0.3977,-0.334,-0.8546,0,0,0.7812,0,1]},
{"frame":16,"values":[-0.0998,-0.9198,0.3795,0,-0.945,0.207,0.2532,0,-0.3114,-0.3334,-0.8899,0,0,0.7812,0,1]},
{"frame":17,"values":[-0.1049,-0.9254,0.3641,0,-0.9642,0.1843,0.1908,0,-0.2437,-0.331,-0.9116,0,0,0.7812,0,1]},
{"frame":18,"values":[-0.1077,-0.9294,0.353,0,-0.9748,0.1686,0.1463,0,-0.1955,-0.3284,-0.9241,0,0,0.7812,0,1]},
{"frame":19,"values":[-0.1091,-0.9317,0.3465,0,-0.9799,0.1594,0.1199,0,-0.1669,-0.3264,-0.9304,0,0,0.7812,0,1]},
{"frame":20,"values":[-0.1095,-0.9324,0.3443,0,-0.9814,0.1564,0.1112,0,-0.1575,-0.3257,-0.9322,0,0,0.7812,0,1]},
{"frame":21,"values":[-0.1061,-0.9325,0.3451,0,-0.9817,0.1534,0.1127,0,-0.158,-0.3269,-0.9318,0,0,0.7812,0,1]},
{"frame":22,"values":[-0.0957,-0.9328,0.3475,0,-0.9826,0.1444,0.1171,0,-0.1594,-0.3302,-0.9303,0,0,0.7812,0,1]},
{"frame":23,"values":[-0.0782,-0.933,0.3514,0,-0.9837,0.1294,0.1246,0,-0.1617,-0.3359,-0.9279,0,0,0.7812,0,1]},
{"frame":24,"values":[-0.0537,-0.9327,0.3566,0,-0.9849,0.1084,0.1352,0,-0.1647,-0.344,-0.9244,0,0,0.7812,0,1]},
{"frame":25,"values":[-0.0223,-0.9316,0.3628,0,-0.9855,0.0816,0.1488,0,-0.1682,-0.3543,-0.9199,0,0,0.7812,0,1]},
{"frame":26,"values":[0.0153,-0.929,0.3697,0,-0.985,0.0496,0.1654,0,-0.172,-0.3667,-0.9143,0,0,0.7812,0,1]},
{"frame":27,"values":[0.0585,-0.9245,0.3768,0,-0.9827,0.0131,0.1848,0,-0.1758,-0.3811,-0.9077,0,0,0.7812,0,1]},
{"frame":28,"values":[0.1062,-0.9174,0.3835,0,-0.9781,-0.0269,0.2065,0,-0.1791,-0.397,-0.9002,0,0,0.7812,0,1]},
{"frame":29,"values":[0.1567,-0.9076,0.3895,0,-0.9708,-0.069,0.2299,0,-0.1818,-0.4141,-0.8919,0,0,0.7812,0,1]},
{"frame":30,"values":[0.2085,-0.8951,0.3942,0,-0.9606,-0.1118,0.2543,0,-0.1836,-0.4317,-0.8831,0,0,0.7812,0,1]},
{"frame":31,"values":[0.2597,-0.88,0.3976,0,-0.9479,-0.1537,0.279,0,-0.1844,-0.4493,-0.8741,0,0,0.7812,0,1]},
{"frame":32,"values":[0.3086,-0.8632,0.3995,0,-0.9332,-0.1934,0.303,0,-0.1843,-0.4663,-0.8652,0,0,0.7812,0,1]},
{"frame":33,"values":[0.3538,-0.8454,0.4001,0,-0.9172,-0.2297,0.3256,0,-0.1834,-0.4821,-0.8567,0,0,0.7812,0,1]},
{"frame":34,"values":[0.394,-0.8277,0.3996,0,-0.901,-0.2617,0.3461,0,-0.1819,-0.4964,-0.8489,0,0,0.7812,0,1]},
{"frame":35,"values":[0.4284,-0.8111,0.3983,0,-0.8855,-0.2889,0.364,0,-0.1802,-0.5087,-0.8419,0,0,0.7812,0,1]},
{"frame":36,"values":[0.4566,-0.7963,0.3967,0,-0.8716,-0.3109,0.379,0,-0.1785,-0.5188,-0.836,0,0,0.7812,0,1]},
{"frame":37,"values":[0.4784,-0.7842,0.395,0,-0.8601,-0.3278,0.3909,0,-0.1771,-0.5268,-0.8313,0,0,0.7812,0,1]},
{"frame":38,"values":[0.4939,-0.7753,0.3936,0,-0.8515,-0.3395,0.3996,0,-0.1762,-0.5325,-0.8279,0,0,0.7812,0,1]},
{"frame":39,"values":[0.5031,-0.7699,0.3926,0,-0.8461,-0.3463,0.4051,0,-0.1759,-0.536,-0.8257,0,0,0.7812,0,1]},
{"frame":40,"values":[0.5062,-0.7681,0.3921,0,-0.8442,-0.3483,0.4075,0,-0.1764,-0.5373,-0.8247,0,0,0.7812,0,1]},
{"frame":41,"values":[0.5009,-0.7714,0.3925,0,-0.847,-0.3438,0.4053,0,-0.1777,-0.5355,-0.8256,0,0,0.7812,0,1]},
{"frame":42,"values":[0.4845,-0.7811,0.3939,0,-0.8561,-0.3307,0.3972,0,-0.18,-0.5296,-0.8289,0,0,0.7812,0,1]},
{"frame":43,"values":[0.4562,-0.7969,0.3959,0,-0.8709,-0.3083,0.3828,0,-0.183,-0.5194,-0.8347,0,0,0.7812,0,1]},
{"frame":44,"values":[0.4155,-0.8179,0.3981,0,-0.8903,-0.2761,0.3621,0,-0.1862,-0.5048,-0.8429,0,0,0.7812,0,1]},
{"frame":45,"values":[0.3618,-0.8424,0.3993,0,-0.9129,-0.2333,0.3349,0,-0.189,-0.4857,-0.8534,0,0,0.7812,0,1]},
{"frame":46,"values":[0.295,-0.8684,0.3985,0,-0.9363,-0.1796,0.3017,0,-0.1904,-0.4622,-0.8661,0,0,0.7812,0,1]},
{"frame":47,"values":[0.2157,-0.8932,0.3945,0,-0.9579,-0.1151,0.2631,0,-0.1896,-0.4346,-0.8805,0,0,0.7812,0,1]},
{"frame":48,"values":[0.1256,-0.914,0.3859,0,-0.9746,-0.0409,0.2203,0,-0.1855,-0.4037,-0.8959,0,0,0.7812,0,1]},
{"frame":49,"values":[0.0278,-0.9278,0.372,0,-0.9837,0.0407,0.175,0,-0.1775,-0.3708,-0.9116,0,0,0.7812,0,1]},
{"frame":50,"values":[-0.0735,-0.9328,0.3527,0,-0.9835,0.1265,0.1295,0,-0.1654,-0.3373,-0.9267,0,0,0.7812,0,1]},
{"frame":51,"values":[-0.1738,-0.9284,0.3285,0,-0.9733,0.2127,0.0859,0,-0.1496,-0.3048,-0.9406,0,0,0.7812,0,1]},
{"frame":52,"values":[-0.2686,-0.9151,0.3009,0,-0.9543,0.2952,0.0461,0,-0.131,-0.2748,-0.9525,0,0,0.7812,0,1]},
{"frame":53,"values":[-0.354,-0.8949,0.2716,0,-0.9286,0.3708,0.0114,0,-0.1109,-0.2482,-0.9623,0,0,0.7812,0,1]},
{"frame":54,"values":[-0.4279,-0.8707,0.2426,0,-0.8993,0.437,-0.0176,0,-0.0907,-0.2257,-0.97,0,0,0.7812,0,1]},
{"frame":55,"values":[-0.489,-0.8452,0.2157,0,-0.8693,0.4926,-0.0407,0,-0.0718,-0.2075,-0.9756,0,0,0.7812,0,1]},
{"frame":56,"values":[-0.5373,-0.8211,0.1924,0,-0.8415,0.537,-0.0584,0,-0.0553,-0.1933,-0.9796,0,0,0.7812,0,1]},
{"frame":57,"values":[-0.5735,-0.8006,0.1736,0,-0.8181,0.5706,-0.0713,0,-0.0419,-0.1829,-0.9822,0,0,0.7812,0,1]},
{"frame":58,"values":[-0.5984,-0.7851,0.1599,0,-0.8006,0.5939,-0.08,0,-0.0322,-0.1758,-0.9839,0,0,0.7812,0,1]},
{"frame":59,"values":[-0.6128,-0.7755,0.1516,0,-0.7898,0.6075,-0.0849,0,-0.0263,-0.1718,-0.9848,0,0,0.7812,0,1]},
{"frame":60,"values":[-0.6175,-0.7723,0.1489,0,-0.7862,0.6119,-0.0865,0,-0.0243,-0.1705,-0.9851,0,0,0.7812,0,1]},
{"frame":61,"values":[-0.6129,-0.7755,0.1516,0,-0.7897,0.6076,-0.085,0,-0.0262,-0.1718,-0.9848,0,0,0.7812,0,1]},
{"frame":62,"values":[-0.5988,-0.7848,0.1596,0,-0.8003,0.5942,-0.0802,0,-0.0319,-0.1758,-0.9839,0,0,0.7812,0,1]},
{"frame":63,"values":[-0.5745,-0.8,0.1729,0,-0.8175,0.5715,-0.072,0,-0.0412,-0.1827,-0.9823,0,0,0.7812,0,1]},
{"frame":64,"values":[-0.5393,-0.8201,0.1912,0,-0.8404,0.5387,-0.0597,0,-0.0541,-0.1929,-0.9797,0,0,0.7812,0,1]},
{"frame":65,"values":[-0.4922,-0.8438,0.2139,0,-0.8677,0.4953,-0.0428,0,-0.0699,-0.2067,-0.9759,0,0,0.7812,0,1]},
{"frame":66,"values":[-0.4329,-0.8689,0.2401,0,-0.8971,0.4413,-0.0207,0,-0.088,-0.2244,-0.9705,0,0,0.7812,0,1]},
{"frame":67,"values":[-0.3614,-0.8929,0.2685,0,-0.9262,0.3769,0.0069,0,-0.1074,-0.2462,-0.9633,0,0,0.7812,0,1]},
{"frame":68,"values":[-0.2787,-0.9132,0.2972,0,-0.952,0.3036,0.04,0,-0.1267,-0.2718,-0.954,0,0,0.7812,0,1]},
{"frame":69,"values":[-0.1873,-0.9271,0.3245,0,-0.9716,0.2235,0.0779,0,-0.1448,-0.3007,-0.9427,0,0,0.7812,0,1]},
{"frame":70,"values":[-0.0904,-0.9329,0.3487,0,-0.9829,0.14,0.1195,0,-0.1603,-0.3319,-0.9296,0,0,0.7812,0,1]},
{"frame":71,"values":[0.0075,-0.9296,0.3684,0,-0.985,0.0566,0.1631,0,-0.1724,-0.3641,-0.9153,0,0,0.7812,0,1]},
{"frame":72,"values":[0.1022,-0.9181,0.383,0,-0.9782,-0.0228,0.2064,0,-0.1808,-0.3957,-0.9004,0,0,0.7812,0,1]},
{"frame":73,"values":[0.1897,-0.9,0.3925,0,-0.9642,-0.0951,0.2477,0,-0.1856,-0.4254,-0.8858,0,0,0.7812,0,1]},
{"frame":74,"values":[0.267,-0.8778,0.3977,0,-0.9453,-0.1583,0.2851,0,-0.1873,-0.4521,-0.8721,0,0,0.7812,0,1]},
{"frame":75,"values":[0.3324,-0.8543,0.3996,0,-0.9244,-0.2111,0.3176,0,-0.1869,-0.475,-0.8599,0,0,0.7812,0,1]},
{"frame":76,"values":[0.3852,-0.832,0.3994,0,-0.9041,-0.2533,0.3443,0,-0.1852,-0.4936,-0.8497,0,0,0.7812,0,1]},
{"frame":77,"values":[0.4254,-0.8128,0.398,0,-0.8863,-0.2851,0.3649,0,-0.1831,-0.508,-0.8417,0,0,0.7812,0,1]},
{"frame":78,"values":[0.4534,-0.7983,0.3965,0,-0.8727,-0.3071,0.3795,0,-0.1812,-0.5181,-0.8359,0,0,0.7812,0,1]},
{"frame":79,"values":[0.4698,-0.7893,0.3953,0,-0.8643,-0.32,0.3881,0,-0.1798,-0.524,-0.8325,0,0,0.7812,0,1]},
{"frame":80,"values":[0.4752,-0.7863,0.3949,0,-0.8614,-0.3242,0.391,0,-0.1794,-0.526,-0.8314,0,0,0.7812,0,1]},
{"frame":81,"values":[0.471,-0.7886,0.3952,0,-0.8636,-0.321,0.3888,0,-0.1797,-0.5245,-0.8322,0,0,0.7812,0,1]},
{"frame":82,"values":[0.4584,-0.7956,0.3962,0,-0.8702,-0.3111,0.3822,0,-0.1808,-0.5199,-0.8349,0,0,0.7812,0,1]},
{"frame":83,"values":[0.4368,-0.807,0.3975,0,-0.8809,-0.2942,0.3709,0,-0.1824,-0.5121,-0.8393,0,0,0.7812,0,1]},
{"frame":84,"values":[0.4057,-0.8224,0.3988,0,-0.8952,-0.2696,0.3548,0,-0.1843,-0.501,-0.8456,0,0,0.7812,0,1]},
{"frame":85,"values":[0.3646,-0.841,0.3997,0,-0.9124,-0.2369,0.3338,0,-0.186,-0.4864,-0.8537,0,0,0.7812,0,1]},
{"frame":86,"values":[0.3133,-0.8616,0.3993,0,-0.931,-0.1958,0.308,0,-0.1872,-0.4683,-0.8635,0,0,0.7812,0,1]},
{"frame":87,"values":[0.2519,-0.8826,0.397,0,-0.9495,-0.1461,0.2778,0,-0.1872,-0.4469,-0.8748,0,0,0.7812,0,1]},
{"frame":88,"values":[0.1811,-0.9021,0.3918,0,-0.9659,-0.0881,0.2436,0,-0.1852,-0.4225,-0.8872,0,0,0.7812,0,1]},
{"frame":89,"values":[0.1024,-0.918,0.383,0,-0.9782,-0.0229,0.2065,0,-0.1808,-0.3958,-0.9004,0,0,0.7812,0,1]},
{"frame":90,"values":[0.0178,-0.9288,0.3702,0,-0.9847,0.0479,0.1677,0,-0.1735,-0.3675,-0.9137,0,0,0.7812,0,1]},
{"frame":91,"values":[-0.0698,-0.9329,0.3533,0,-0.9841,0.1223,0.1286,0,-0.1632,-0.3387,-0.9266,0,0,0.7812,0,1]},
{"frame":92,"values":[-0.1574,-0.9299,0.3325,0,-0.9761,0.1976,0.0906,0,-0.15,-0.3103,-0.9387,0,0,0.7812,0,1]},
{"frame":93,"values":[-0.2422,-0.9198,0.3087,0,-0.9609,0.2714,0.055,0,-0.1344,-0.2833,-0.9496,0,0,0.7812,0,1]},
{"frame":94,"values":[-0.3215,-0.9037,0.2828,0,-0.9396,0.3414,0.0227,0,-0.1171,-0.2585,-0.9589,0,0,0.7812,0,1]},
{"frame":95,"values":[-0.3937,-0.8829,0.2561,0,-0.9139,0.4059,-0.0057,0,-0.0989,-0.2363,-0.9666,0,0,0.7812,0,1]},
{"frame":96,"values":[-0.4577,-0.859,0.2295,0,-0.8855,0.4637,-0.03,0,-0.0807,-0.217,-0.9728,0,0,0.7812,0,1]},
{"frame":97,"values":[-0.5131,-0.8337,0.2041,0,-0.856,0.5145,-0.0503,0,-0.063,-0.2005,-0.9777,0,0,0.7812,0,1]},
{"frame":98,"values":[-0.5601,-0.8085,0.1805,0,-0.8271,0.558,-0.067,0,-0.0466,-0.1869,-0.9813,0,0,0.7812,0,1]},
{"frame":99,"values":[-0.5992,-0.7846,0.1594,0,-0.8,0.5946,-0.0804,0,-0.0317,-0.1757,-0.9839,0,0,0.7812,0,1]},
{"frame":100,"values":[-0.631,-0.7628,0.1409,0,-0.7755,0.6247,-0.0909,0,-0.0187,-0.1667,-0.9858,0,0,0.7812,0,1]},
{"frame":101,"values":[-0.6581,-0.7426,0.1243,0,-0.7529,0.6506,-0.0995,0,-0.0069,-0.1591,-0.9872,0,0,0.7812,0,1]},
{"frame":102,"values":[-0.6824,-0.7229,0.1084,0,-0.7309,0.674,-0.1069,0,0.0042,-0.1522,-0.9883,0,0,0.7812,0,1]},
{"frame":103,"values":[-0.7042,-0.7039,0.0933,0,-0.7099,0.6952,-0.1131,0,0.0147,-0.1459,-0.9892,0,0,0.7812,0,1]},
{"frame":104,"values":[-0.7235,-0.6858,0.0792,0,-0.6899,0.7141,-0.1183,0,0.0246,-0.1402,-0.9898,0,0,0.7812,0,1]},
{"frame":105,"values":[-0.7405,-0.6688,0.066,0,-0.6712,0.7311,-0.1225,0,0.0337,-0.135,-0.9903,0,0,0.7812,0,1]},
{"frame":106,"values":[-0.7555,-0.653,0.0538,0,-0.6539,0.7461,-0.1258,0,0.042,-0.1303,-0.9906,0,0,0.7812,0,1]},
{"frame":107,"values":[-0.7686,-0.6383,0.0426,0,-0.6378,0.7594,-0.1285,0,0.0497,-0.1259,-0.9908,0,0,0.7812,0,1]},
{"frame":108,"values":[-0.78,-0.6249,0.0324,0,-0.6232,0.7711,-0.1305,0,0.0566,-0.122,-0.9909,0,0,0.7812,0,1]},
{"frame":109,"values":[-0.79,-0.6127,0.0231,0,-0.6099,0.7814,-0.132,0,0.0629,-0.1184,-0.991,0,0,0.7812,0,1]},
{"frame":110,"values":[-0.7987,-0.6015,0.0146,0,-0.5978,0.7905,-0.1331,0,0.0686,-0.115,-0.991,0,0,0.7812,0,1]},
{"frame":111,"values":[-0.8064,-0.5914,0.0068,0,-0.5868,0.7986,-0.1339,0,0.0737,-0.1119,-0.991,0,0,0.7812,0,1]},
{"frame":112,"values":[-0.8132,-0.5821,-0.0003,0,-0.5767,0.8058,-0.1344,0,0.0784,-0.1091,-0.9909,0,0,0.7812,0,1]},
{"frame":113,"values":[-0.8193,-0.5734,-0.0069,0,-0.5674,0.8124,-0.1347,0,0.0828,-0.1064,-0.9909,0,0,0.7812,0,1]},
{"frame":114,"values":[-0.8249,-0.5651,-0.0131,0,-0.5585,0.8184,-0.1349,0,0.0869,-0.104,-0.9908,0,0,0.7812,0,1]},
{"frame":115,"values":[-0.8303,-0.557,-0.019,0,-0.5499,0.8242,-0.1351,0,0.091,-0.1017,-0.9906,0,0,0.7812,0,1]},
{"frame":116,"values":[-0.8355,-0.5489,-0.0249,0,-0.5412,0.8299,-0.1354,0,0.095,-0.0996,-0.9905,0,0,0.7812,0,1]},
{"frame":117,"values":[-0.8408,-0.5405,-0.0309,0,-0.5322,0.8356,-0.1358,0,0.0992,-0.0977,-0.9903,0,0,0.7812,0,1]},
{"frame":118,"values":[-0.8462,-0.5315,-0.037,0,-0.5226,0.8416,-0.1363,0,0.1036,-0.096,-0.99,0,0,0.7812,0,1]},
{"frame":119,"values":[-0.852,-0.5217,-0.0435,0,-0.5122,0.8479,-0.137,0,0.1084,-0.0944,-0.9896,0,0,0.7812,0,1]},
{"frame":120,"values":[-0.8582,-0.5108,-0.0505,0,-0.5006,0.8546,-0.1379,0,0.1136,-0.093,-0.9892,0,0,0.7812,0,1]},
{"frame":121,"values":[-0.8648,-0.4987,-0.0582,0,-0.4876,0.8619,-0.139,0,0.1195,-0.0918,-0.9886,0,0,0.7812,0,1]},
{"frame":122,"values":[-0.872,-0.4849,-0.0666,0,-0.473,0.8698,-0.1403,0,0.126,-0.0909,-0.9879,0,0,0.7812,0,1]},
{"frame":123,"values":[-0.8797,-0.4695,-0.0758,0,-0.4566,0.8783,-0.1419,0,0.1332,-0.0902,-0.987,0,0,0.7812,0,1]},
{"frame":124,"values":[-0.8878,-0.4522,-0.086,0,-0.4381,0.8874,-0.1435,0,0.1412,-0.0897,-0.9859,0,0,0.7812,0,1]},
{"frame":125,"values":[-0.8962,-0.4328,-0.0972,0,-0.4174,0.897,-0.1453,0,0.1501,-0.0897,-0.9846,0,0,0.7812,0,1]},
{"frame":126,"values":[-0.905,-0.4112,-0.1095,0,-0.3943,0.9071,-0.1471,0,0.1598,-0.09,-0.983,0,0,0.7812,0,1]},
{"frame":127,"values":[-0.9138,-0.3872,-0.1229,0,-0.3688,0.9175,-0.1489,0,0.1704,-0.0907,-0.9812,0,0,0.7812,0,1]},
{"frame":128,"values":[-0.9224,-0.3608,-0.1375,0,-0.3406,0.9281,-0.1505,0,0.1819,-0.092,-0.979,0,0,0.7812,0,1]},
{"frame":129,"values":[-0.9308,-0.3319,-0.1532,0,-0.3097,0.9386,-0.1519,0,0.1943,-0.0939,-0.9764,0,0,0.7812,0,1]},
{"frame":130,"values":[-0.9385,-0.3005,-0.1702,0,-0.2761,0.9489,-0.1529,0,0.2074,-0.0965,-0.9735,0,0,0.7812,0,1]},
{"frame":131,"values":[-0.9468,-0.2613,-0.1878,0,-0.2352,0.9602,-0.1505,0,0.2197,-0.0983,-0.9706,0,0,0.7812,0,1]},
{"frame":132,"values":[-0.9562,-0.2084,-0.2056,0,-0.1817,0.9731,-0.1416,0,0.2296,-0.0981,-0.9683,0,0,0.7812,0,1]},
{"frame":133,"values":[-0.9646,-0.1404,-0.2232,0,-0.1143,0.9855,-0.1256,0,0.2376,-0.0956,-0.9667,0,0,0.7812,0,1]},
{"frame":134,"values":[-0.9692,-0.056,-0.2396,0,-0.0323,0.9943,-0.1017,0,0.244,-0.0909,-0.9655,0,0,0.7812,0,1]},
{"frame":135,"values":[-0.9662,0.045,-0.2537,0,0.0647,0.9955,-0.0698,0,0.2494,-0.0838,-0.9648,0,0,0.7812,0,1]},
{"frame":136,"values":[-0.951,0.1617,-0.2637,0,0.1755,0.984,-0.0297,0,0.2547,-0.0745,-0.9642,0,0,0.7812,0,1]},
{"frame":137,"values":[-0.9186,0.2909,-0.2677,0,0.2972,0.9547,0.0176,0,0.2606,-0.0634,-0.9634,0,0,0.7812,0,1]},
{"frame":138,"values":[-0.865,0.4268,-0.2638,0,0.424,0.9029,0.0703,0,0.2682,-0.0511,-0.962,0,0,0.7812,0,1]},
{"frame":139,"values":[-0.7886,0.5613,-0.2511,0,0.5485,0.8267,0.1254,0,0.278,-0.0388,-0.9598,0,0,0.7812,0,1]},
{"frame":140,"values":[-0.691,0.6853,-0.2298,0,0.662,0.7277,0.1797,0,0.2904,-0.028,-0.9565,0,0,0.7812,0,1]},
{"frame":141,"values":[-0.5776,0.791,-0.2017,0,0.7572,0.6115,0.2296,0,0.305,-0.0201,-0.9522,0,0,0.7812,0,1]},
{"frame":142,"values":[-0.4564,0.8734,-0.1699,0,0.8298,0.4868,0.2729,0,0.3211,-0.0164,-0.9469,0,0,0.7812,0,1]},
{"frame":143,"values":[-0.3359,0.9317,-0.1378,0,0.8793,0.3627,0.3088,0,0.3377,-0.0175,-0.9411,0,0,0.7812,0,1]},
{"frame":144,"values":[-0.2233,0.9686,-0.1089,0,0.9082,0.2473,0.3375,0,0.3539,-0.0235,-0.935,0,0,0.7812,0,1]},
{"frame":145,"values":[-0.1236,0.9886,-0.0855,0,0.9212,0.1463,0.3605,0,0.3689,-0.0342,-0.9288,0,0,0.7812,0,1]},
{"frame":146,"values":[-0.0392,0.9968,-0.0693,0,0.9232,0.0627,0.3793,0,0.3824,-0.0491,-0.9227,0,0,0.7812,0,1]},
{"frame":147,"values":[0.029,0.9977,-0.0612,0,0.9185,-0.0025,0.3954,0,0.3943,-0.0677,-0.9165,0,0,0.7812,0,1]},
{"frame":148,"values":[0.0816,0.9948,-0.0616,0,0.9108,-0.0494,0.41,0,0.4048,-0.0895,-0.91,0,0,0.7812,0,1]},
{"frame":149,"values":[0.1196,0.9903,-0.0705,0,0.9023,-0.0788,0.4238,0,0.4141,-0.1143,-0.903,0,0,0.7812,0,1]},
{"frame":150,"values":[0.1439,0.9857,-0.088,0,0.8948,-0.0916,0.437,0,0.4227,-0.1417,-0.8951,0,0,0.7812,0,1]},
{"frame":151,"values":[0.1598,0.9809,-0.1106,0,0.8865,-0.0934,0.4533,0,0.4343,-0.1705,-0.8845,0,0,0.7812,0,1]},
{"frame":152,"values":[0.1719,0.9759,-0.1346,0,0.8751,-0.0885,0.4758,0,0.4524,-0.1996,-0.8692,0,0,0.7812,0,1]},
{"frame":153,"values":[0.1804,0.9705,-0.1601,0,0.8602,-0.0767,0.5042,0,0.477,-0.2287,-0.8486,0,0,0.7812,0,1]},
{"frame":154,"values":[0.1857,0.9646,-0.1872,0,0.8412,-0.0576,0.5376,0,0.5078,-0.2573,-0.8221,0,0,0.7812,0,1]},
{"frame":155,"values":[0.1884,0.9581,-0.2158,0,0.8175,-0.0312,0.5751,0,0.5443,-0.2848,-0.7891,0,0,0.7812,0,1]},
{"frame":156,"values":[0.1889,0.9507,-0.2458,0,0.7883,0.0024,0.6153,0,0.5856,-0.31,-0.749,0,0,0.7812,0,1]},
{"frame":157,"values":[0.1879,0.9423,-0.277,0,0.7532,0.0428,0.6564,0,0.6304,-0.332,-0.7017,0,0,0.7812,0,1]},
{"frame":158,"values":[0.186,0.9327,-0.3091,0,0.712,0.0888,0.6966,0,0.6771,-0.3496,-0.6475,0,0,0.7812,0,1]},
{"frame":159,"values":[0.1839,0.9218,-0.3414,0,0.6651,0.1391,0.7337,0,0.7238,-0.362,-0.5875,0,0,0.7812,0,1]},
{"frame":160,"values":[0.182,0.9097,-0.3733,0,0.6135,0.1916,0.7661,0,0.7685,-0.3684,-0.5232,0,0,0.7812,0,1]},
{"frame":161,"values":[0.1807,0.8968,-0.4038,0,0.5588,0.2442,0.7925,0,0.8093,-0.3689,-0.457,0,0,0.7812,0,1]},
{"frame":162,"values":[0.1804,0.8835,-0.4324,0,0.5033,0.2948,0.8123,0,0.8451,-0.3641,-0.3914,0,0,0.7812,0,1]},
{"frame":163,"values":[0.1809,0.8703,-0.4582,0,0.449,0.3414,0.8257,0,0.875,-0.3551,-0.329,0,0,0.7812,0,1]},
{"frame":164,"values":[0.1821,0.8577,-0.4808,0,0.3983,0.3827,0.8336,0,0.899,-0.3433,-0.272,0,0,0.7812,0,1]},
{"frame":165,"values":[0.1837,0.8464,-0.4998,0,0.3531,0.4177,0.8372,0,0.9174,-0.3303,-0.2222,0,0,0.7812,0,1]},
{"frame":166,"values":[0.1855,0.8367,-0.5152,0,0.3149,0.4461,0.8378,0,0.9308,-0.3176,-0.1807,0,0,0.7812,0,1]},
{"frame":167,"values":[0.1871,0.829,-0.527,0,0.2845,0.4677,0.8368,0,0.9402,-0.3065,-0.1484,0,0,0.7812,0,1]},
{"frame":168,"values":[0.1884,0.8234,-0.5352,0,0.2627,0.4829,0.8353,0,0.9463,-0.298,-0.1253,0,0,0.7812,0,1]},
{"frame":169,"values":[0.1891,0.8201,-0.5401,0,0.2496,0.4918,0.8342,0,0.9497,-0.2926,-0.1117,0,0,0.7812,0,1]},
{"frame":170,"values":[0.1894,0.819,-0.5417,0,0.2453,0.4947,0.8337,0,0.9508,-0.2907,-0.1072,0,0,0.7812,0,1]},
{"frame":180,"values":[0.1894,0.819,-0.5417,0,0.2453,0.4947,0.8337,0,0.9508,-0.2907,-0.1072,0,0,0.7812,0,1]}],"loopBehavior":1,"name":"anim","property":"_matrix"}},
{"name":"Arm Control L","index":5,"matrix":[0.9799,0.0436,-0.1945,0,0.1213,-0.9047,0.4085,0,0.1582,0.4239,0.8918,0,0.8009,0.8883,-1.1005,1],"rest":[0.9799,0.0436,-0.1945,0,0.1213,-0.9047,0.4085,0,0.1582,0.4239,0.8918,0,0.8009,0.8883,-1.1005,1],"parentBoneIndex":-1,"length":0.323
,"animation":{"dataType":3,"framePerSecond":24,"keys":[
{"frame":1,"values":[0.9799,0.0436,-0.1945,0,0.1213,-0.9047,0.4085,0,0.1582,0.4239,0.8918,0,0.8009,0.8883,-1.1005,1]},
{"frame":2,"values":[0.9801,0.043,-0.194,0,0.1187,-0.9097,0.3979,0,0.1594,0.413,0.8967,0,0.8047,0.8978,-1.0955,1]},
{"frame":3,"values":[0.9804,0.0411,-0.1926,0,0.1103,-0.9247,0.3643,0,0.1631,0.3785,0.9111,0,0.8148,0.9258,-1.0824,1]},
{"frame":4,"values":[0.981,0.0377,-0.1901,0,0.0953,-0.948,0.3037,0,0.1688,0.316,0.9336,0,0.8303,0.971,-1.063,1]},
{"frame":5,"values":[0.9819,0.0322,-0.1868,0,0.0716,-0.9754,0.2087,0,0.1755,0.2183,0.96,0,0.8503,1.0307,-1.038,1]},
{"frame":6,"values":[0.9828,0.0237,-0.183,0,0.0371,-0.9969,0.0698,0,0.1808,0.0754,0.9806,0,0.8747,1.1011,-1.0074,1]},
{"frame":7,"values":[0.9836,0.0115,-0.1799,0,-0.0109,-0.9924,-0.1227,0,0.1799,-0.1226,0.976,0,0.9032,1.1775,-0.9704,1]},
{"frame":8,"values":[0.9837,-0.0053,-0.1795,0,-0.0724,-0.9265,-0.3693,0,0.1643,-0.3762,0.9118,0,0.9335,1.2727,-0.9338,1]},
{"frame":9,"values":[0.9824,-0.0257,-0.185,0,-0.1408,-0.753,-0.6428,0,0.1228,-0.6575,0.7433,0,0.9664,1.3771,-0.8946,1]},
{"frame":10,"values":[0.9789,-0.0457,-0.1992,0,-0.1985,-0.446,-0.8728,0,0.0489,-0.8939,0.4456,0,1.0015,1.4883,-0.8527,1]},
{"frame":11,"values":[0.9734,-0.0591,-0.2211,0,-0.2241,-0.0487,-0.9734,0,-0.0468,-0.9971,0.0606,0,1.0388,1.6036,-0.8082,1]},
{"frame":12,"values":[0.9675,-0.0625,-0.245,0,-0.2109,0.3351,-0.9183,0,-0.1395,-0.9401,-0.311,0,1.0776,1.7201,-0.7618,1]},
{"frame":13,"values":[0.9625,-0.0577,-0.265,0,-0.1724,0.6243,-0.7619,0,-0.2094,-0.779,-0.591,0,1.1172,1.8341,-0.7151,1]},
{"frame":14,"values":[0.959,-0.0493,-0.2791,0,-0.1268,0.8061,-0.578,0,-0.2535,-0.5897,-0.7668,0,1.1551,1.9394,-0.676,1]},
{"frame":15,"values":[0.9568,-0.0405,-0.2881,0,-0.0857,0.907,-0.4123,0,-0.278,-0.4191,-0.8643,0,1.1874,2.0333,-0.6444,1]},
{"frame":16,"values":[0.9554,-0.0331,-0.2935,0,-0.053,0.9583,-0.2809,0,-0.2905,-0.2839,-0.9138,0,1.2112,2.1148,-0.6186,1]},
{"frame":17,"values":[0.9546,-0.0275,-0.2966,0,-0.0292,0.9823,-0.1851,0,-0.2964,-0.1853,-0.9369,0,1.2295,2.1826,-0.5998,1]},
{"frame":18,"values":[0.9542,-0.0236,-0.2983,0,-0.0133,0.9926,-0.1211,0,-0.299,-0.1195,-0.9468,0,1.2421,2.2356,-0.5883,1]},
{"frame":19,"values":[0.954,-0.0214,-0.2992,0,-0.0042,0.9964,-0.0847,0,-0.2999,-0.0821,-0.9504,0,1.2488,2.2735,-0.5842,1]},
{"frame":20,"values":[0.9539,-0.0207,-0.2995,0,-0.0013,0.9973,-0.073,0,-0.3002,-0.0701,-0.9513,0,1.2496,2.2963,-0.5875,1]},
{"frame":21,"values":[0.954,-0.0173,-0.2994,0,-0.0049,0.9973,-0.073,0,-0.2999,-0.0711,-0.9513,0,1.2443,2.311,-0.5938,1]},
{"frame":22,"values":[0.9541,-0.007,-0.2994,0,-0.0156,0.9972,-0.0731,0,-0.2991,-0.0744,-0.9513,0,1.2325,2.3242,-0.5991,1]},
{"frame":23,"values":[0.9541,0.0101,-0.2994,0,-0.0335,0.9968,-0.0732,0,-0.2977,-0.0799,-0.9513,0,1.2141,2.3361,-0.6031,1]},
{"frame":24,"values":[0.9535,0.0341,-0.2994,0,-0.0586,0.9956,-0.0734,0,-0.2955,-0.0875,-0.9513,0,1.1893,2.3464,-0.606,1]},
{"frame":25,"values":[0.952,0.0646,-0.2993,0,-0.0905,0.9932,-0.0736,0,-0.2925,-0.0971,-0.9513,0,1.1583,2.3551,-0.6077,1]},
{"frame":26,"values":[0.9488,0.1012,-0.2993,0,-0.1287,0.9889,-0.0738,0,-0.2885,-0.1085,-0.9513,0,1.1217,2.3623,-0.6084,1]},
{"frame":27,"values":[0.9434,0.1429,-0.2992,0,-0.1722,0.9823,-0.074,0,-0.2833,-0.1213,-0.9513,0,1.0802,2.3678,-0.608,1]},
{"frame":28,"values":[0.9354,0.1886,-0.2992,0,-0.2198,0.9727,-0.0742,0,-0.277,-0.1352,-0.9513,0,1.0348,2.3718,-0.6066,1]},
{"frame":29,"values":[0.9244,0.2368,-0.2992,0,-0.27,0.96,-0.0744,0,-0.2696,-0.1496,-0.9513,0,0.9867,2.3743,-0.6046,1]},
{"frame":30,"values":[0.9104,0.2859,-0.2992,0,-0.321,0.9441,-0.0746,0,-0.2611,-0.164,-0.9513,0,0.9372,2.3755,-0.6019,1]},
{"frame":31,"values":[0.8938,0.3341,-0.2992,0,-0.3711,0.9256,-0.0748,0,-0.2519,-0.1779,-0.9513,0,0.8879,2.3756,-0.599,1]},
{"frame":32,"values":[0.8753,0.38,-0.2992,0,-0.4185,0.9051,-0.0749,0,-0.2424,-0.1908,-0.9512,0,0.8401,2.3747,-0.5959,1]},
{"frame":33,"values":[0.8558,0.422,-0.2993,0,-0.462,0.8837,-0.075,0,-0.2328,-0.2024,-0.9512,0,0.7952,2.3732,-0.5929,1]},
{"frame":34,"values":[0.8363,0.4593,-0.2993,0,-0.5005,0.8625,-0.0749,0,-0.2238,-0.2125,-0.9512,0,0.7545,2.3712,-0.5902,1]},
{"frame":35,"values":[0.818,0.4911,-0.2994,0,-0.5333,0.8426,-0.0748,0,-0.2155,-0.2208,-0.9512,0,0.7189,2.3689,-0.5879,1]},
{"frame":36,"values":[0.8018,0.5173,-0.2994,0,-0.5601,0.825,-0.0746,0,-0.2084,-0.2275,-0.9512,0,0.6891,2.3666,-0.5863,1]},
{"frame":37,"values":[0.7883,0.5375,-0.2994,0,-0.5809,0.8106,-0.0743,0,-0.2027,-0.2325,-0.9512,0,0.6656,2.3644,-0.5854,1]},
{"frame":38,"values":[0.7782,0.552,-0.2994,0,-0.5957,0.7998,-0.074,0,-0.1986,-0.236,-0.9512,0,0.6487,2.3625,-0.5853,1]},
{"frame":39,"values":[0.7719,0.5609,-0.2994,0,-0.6048,0.793,-0.0735,0,-0.1962,-0.2379,-0.9513,0,0.6384,2.3609,-0.5859,1]},
{"frame":40,"values":[0.7694,0.5643,-0.2995,0,-0.6081,0.7905,-0.073,0,-0.1955,-0.2383,-0.9513,0,0.6348,2.3597,-0.5875,1]},
{"frame":41,"values":[0.7725,0.56,-0.2995,0,-0.6037,0.7939,-0.0725,0,-0.1971,-0.2368,-0.9513,0,0.6401,2.3565,-0.5893,1]},
{"frame":42,"values":[0.7828,0.5455,-0.2995,0,-0.5886,0.8052,-0.0721,0,-0.2018,-0.2327,-0.9514,0,0.657,2.3487,-0.5909,1]},
{"frame":43,"values":[0.7999,0.52,-0.2995,0,-0.5624,0.8238,-0.0717,0,-0.2094,-0.2258,-0.9514,0,0.6854,2.3363,-0.5921,1]},
{"frame":44,"values":[0.8229,0.4829,-0.2995,0,-0.524,0.8487,-0.0714,0,-0.2198,-0.2157,-0.9514,0,0.7251,2.3193,-0.5931,1]},
{"frame":45,"values":[0.85,0.4332,-0.2996,0,-0.4727,0.8783,-0.0712,0,-0.2323,-0.2022,-0.9514,0,0.7758,2.298,-0.5938,1]},
{"frame":46,"values":[0.8791,0.3707,-0.2997,0,-0.4081,0.9102,-0.0711,0,-0.2464,-0.1848,-0.9514,0,0.8364,2.2727,-0.5942,1]},
{"frame":47,"values":[0.907,0.2956,-0.2998,0,-0.3303,0.9412,-0.071,0,-0.2612,-0.1634,-0.9514,0,0.9058,2.2439,-0.5943,1]},
{"frame":48,"values":[0.9307,0.2094,-0.2999,0,-0.2407,0.968,-0.0711,0,-0.2754,-0.1383,-0.9513,0,0.9822,2.2124,-0.5941,1]},
{"frame":49,"values":[0.947,0.1148,-0.2999,0,-0.1422,0.9873,-0.0712,0,-0.2879,-0.1101,-0.9513,0,1.0636,2.179,-0.5938,1]},
{"frame":50,"values":[0.9538,0.0154,-0.3,0,-0.0386,0.9967,-0.0714,0,-0.2979,-0.0797,-0.9513,0,1.1476,2.1445,-0.5932,1]},
{"frame":51,"values":[0.9502,-0.0839,-0.3,0,0.0653,0.9953,-0.0716,0,-0.3046,-0.0485,-0.9513,0,1.2315,2.1102,-0.5925,1]},
{"frame":52,"values":[0.937,-0.1788,-0.2999,0,0.1647,0.9837,-0.0719,0,-0.3079,-0.0179,-0.9512,0,1.313,2.0769,-0.5918,1]},
{"frame":53,"values":[0.9163,-0.2654,-0.2999,0,0.2556,0.9641,-0.0721,0,-0.3083,0.0106,-0.9512,0,1.3895,2.0457,-0.5909,1]},
{"frame":54,"values":[0.891,-0.3409,-0.2998,0,0.3351,0.9394,-0.0723,0,-0.3063,0.036,-0.9513,0,1.4591,2.0174,-0.5901,1]},
{"frame":55,"values":[0.8642,-0.404,-0.2997,0,0.4016,0.9129,-0.0725,0,-0.3029,0.0577,-0.9513,0,1.5199,1.9927,-0.5894,1]},
{"frame":56,"values":[0.8389,-0.4544,-0.2996,0,0.4548,0.8876,-0.0727,0,-0.299,0.0753,-0.9513,0,1.5708,1.972,-0.5887,1]},
{"frame":57,"values":[0.8172,-0.4924,-0.2996,0,0.495,0.8658,-0.0729,0,-0.2952,0.0888,-0.9513,0,1.6108,1.9557,-0.5882,1]},
{"frame":58,"values":[0.8008,-0.5187,-0.2995,0,0.5228,0.8493,-0.0729,0,-0.2922,0.0982,-0.9513,0,1.6395,1.9441,-0.5878,1]},
{"frame":59,"values":[0.7907,-0.534,-0.2995,0,0.539,0.8391,-0.073,0,-0.2903,0.1037,-0.9513,0,1.6567,1.9371,-0.5876,1]},
{"frame":60,"values":[0.7873,-0.539,-0.2995,0,0.5443,0.8357,-0.073,0,-0.2896,0.1055,-0.9513,0,1.6624,1.9348,-0.5875,1]},
{"frame":61,"values":[0.7906,-0.5341,-0.2995,0,0.5391,0.839,-0.073,0,-0.2903,0.1037,-0.9513,0,1.6569,1.9372,-0.5875,1]},
{"frame":62,"values":[0.8005,-0.5191,-0.2995,0,0.5232,0.8491,-0.073,0,-0.2922,0.0982,-0.9513,0,1.6403,1.9444,-0.5875,1]},
{"frame":63,"values":[0.8166,-0.4934,-0.2995,0,0.496,0.8652,-0.073,0,-0.2951,0.0889,-0.9513,0,1.6127,1.9564,-0.5875,1]},
{"frame":64,"values":[0.8379,-0.4563,-0.2995,0,0.4568,0.8866,-0.073,0,-0.2988,0.0756,-0.9513,0,1.5741,1.9732,-0.5875,1]},
{"frame":65,"values":[0.8628,-0.4073,-0.2995,0,0.4049,0.9114,-0.073,0,-0.3027,0.0582,-0.9513,0,1.525,1.9946,-0.5875,1]},
{"frame":66,"values":[0.8892,-0.346,-0.2995,0,0.3402,0.9375,-0.073,0,-0.306,0.0369,-0.9513,0,1.4663,2.0201,-0.5875,1]},
{"frame":67,"values":[0.9143,-0.2728,-0.2995,0,0.2631,0.962,-0.073,0,-0.308,0.012,-0.9513,0,1.3992,2.0493,-0.5875,1]},
{"frame":68,"values":[0.9352,-0.1892,-0.2995,0,0.1752,0.9818,-0.073,0,-0.3078,-0.0158,-0.9513,0,1.3253,2.0814,-0.5875,1]},
{"frame":69,"values":[0.9491,-0.0977,-0.2995,0,0.0793,0.9942,-0.073,0,-0.3048,-0.0456,-0.9513,0,1.2467,2.1156,-0.5875,1]},
{"frame":70,"values":[0.9541,-0.0018,-0.2995,0,-0.021,0.9971,-0.073,0,-0.2987,-0.076,-0.9513,0,1.1657,2.1509,-0.5875,1]},
{"frame":71,"values":[0.9495,0.094,-0.2995,0,-0.121,0.99,-0.073,0,-0.2896,-0.1056,-0.9513,0,1.0846,2.1861,-0.5875,1]},
{"frame":72,"values":[0.9359,0.1856,-0.2995,0,-0.2164,0.9736,-0.073,0,-0.278,-0.1331,-0.9513,0,1.006,2.2203,-0.5875,1]},
{"frame":73,"values":[0.9153,0.2693,-0.2995,0,-0.3034,0.9501,-0.073,0,-0.2648,-0.1577,-0.9513,0,0.9321,2.2524,-0.5875,1]},
{"frame":74,"values":[0.8905,0.3425,-0.2995,0,-0.3794,0.9224,-0.073,0,-0.2512,-0.1786,-0.9513,0,0.865,2.2816,-0.5875,1]},
{"frame":75,"values":[0.8644,0.4039,-0.2995,0,-0.4429,0.8936,-0.073,0,-0.2381,-0.1958,-0.9513,0,0.8063,2.3071,-0.5875,1]},
{"frame":76,"values":[0.8397,0.4531,-0.2995,0,-0.4937,0.8666,-0.073,0,-0.2264,-0.2091,-0.9513,0,0.7573,2.3285,-0.5875,1]},
{"frame":77,"values":[0.8185,0.4902,-0.2995,0,-0.532,0.8436,-0.073,0,-0.2168,-0.2191,-0.9513,0,0.7187,2.3453,-0.5875,1]},
{"frame":78,"values":[0.8025,0.516,-0.2995,0,-0.5585,0.8263,-0.073,0,-0.2098,-0.2259,-0.9513,0,0.691,2.3573,-0.5875,1]},
{"frame":79,"values":[0.7927,0.531,-0.2995,0,-0.574,0.8156,-0.073,0,-0.2055,-0.2298,-0.9513,0,0.6744,2.3645,-0.5875,1]},
{"frame":80,"values":[0.7894,0.5359,-0.2995,0,-0.579,0.812,-0.073,0,-0.204,-0.231,-0.9513,0,0.669,2.3669,-0.5875,1]},
{"frame":81,"values":[0.7919,0.5322,-0.2994,0,-0.5752,0.8148,-0.073,0,-0.2051,-0.23,-0.9513,0,0.674,2.3653,-0.5876,1]},
{"frame":82,"values":[0.7996,0.5206,-0.2994,0,-0.5632,0.8231,-0.0728,0,-0.2085,-0.2269,-0.9513,0,0.6894,2.3606,-0.5881,1]},
{"frame":83,"values":[0.8121,0.5008,-0.2993,0,-0.5427,0.8368,-0.0726,0,-0.2141,-0.2214,-0.9514,0,0.7151,2.3525,-0.5889,1]},
{"frame":84,"values":[0.8292,0.4721,-0.2993,0,-0.5131,0.8553,-0.0723,0,-0.2218,-0.2135,-0.9514,0,0.7511,2.3411,-0.59,1]},
{"frame":85,"values":[0.8497,0.4341,-0.2992,0,-0.4737,0.8778,-0.0718,0,-0.2314,-0.2028,-0.9515,0,0.797,2.3262,-0.5913,1]},
{"frame":86,"values":[0.8726,0.3862,-0.2991,0,-0.424,0.9028,-0.0714,0,-0.2425,-0.1891,-0.9515,0,0.8522,2.3081,-0.5928,1]},
{"frame":87,"values":[0.8959,0.3284,-0.2991,0,-0.3641,0.9287,-0.0708,0,-0.2545,-0.1724,-0.9516,0,0.9155,2.2867,-0.5944,1]},
{"frame":88,"values":[0.9177,0.2613,-0.2991,0,-0.2943,0.9531,-0.0703,0,-0.2667,-0.1525,-0.9516,0,0.9855,2.2624,-0.596,1]},
{"frame":89,"values":[0.9359,0.1859,-0.2992,0,-0.2158,0.9739,-0.0698,0,-0.2784,-0.1299,-0.9516,0,1.0606,2.2355,-0.5976,1]},
{"frame":90,"values":[0.9485,0.1042,-0.2993,0,-0.1305,0.989,-0.0693,0,-0.2888,-0.1048,-0.9516,0,1.1386,2.2066,-0.599,1]},
{"frame":91,"values":[0.9539,0.0187,-0.2995,0,-0.0412,0.9968,-0.0689,0,-0.2972,-0.0781,-0.9516,0,1.2174,2.1762,-0.6001,1]},
{"frame":92,"values":[0.9516,-0.0677,-0.2997,0,0.0493,0.9964,-0.0687,0,-0.3032,-0.0506,-0.9516,0,1.2947,2.1449,-0.6008,1]},
{"frame":93,"values":[0.9418,-0.1521,-0.2998,0,0.1377,0.9881,-0.0686,0,-0.3067,-0.0233,-0.9515,0,1.3685,2.1133,-0.6011,1]},
{"frame":94,"values":[0.9253,-0.232,-0.3,0,0.2216,0.9727,-0.0687,0,-0.3078,0.0029,-0.9515,0,1.4368,2.0818,-0.6009,1]},
{"frame":95,"values":[0.9037,-0.3054,-0.3001,0,0.2987,0.9518,-0.069,0,-0.3068,0.0273,-0.9514,0,1.4982,2.0511,-0.6001,1]},
{"frame":96,"values":[0.8787,-0.3711,-0.3002,0,0.3678,0.9273,-0.0695,0,-0.3041,0.0493,-0.9513,0,1.5515,2.0215,-0.5987,1]},
{"frame":97,"values":[0.8522,-0.4286,-0.3001,0,0.4284,0.9009,-0.0701,0,-0.3005,0.0688,-0.9513,0,1.5959,1.9934,-0.5968,1]},
{"frame":98,"values":[0.8256,-0.4779,-0.3,0,0.4803,0.8742,-0.071,0,-0.2962,0.0855,-0.9513,0,1.6308,1.967,-0.5942,1]},
{"frame":99,"values":[0.8003,-0.5193,-0.2998,0,0.5238,0.8488,-0.0719,0,-0.2918,0.0995,-0.9513,0,1.6561,1.9424,-0.5911,1]},
{"frame":100,"values":[0.7772,-0.5534,-0.2995,0,0.5597,0.8255,-0.073,0,-0.2876,0.1108,-0.9513,0,1.6717,1.9197,-0.5875,1]},
{"frame":101,"values":[0.7558,-0.5826,-0.2991,0,0.5903,0.8038,-0.0741,0,-0.2835,0.1206,-0.9513,0,1.6823,1.8984,-0.5837,1]},
{"frame":102,"values":[0.7349,-0.6088,-0.2987,0,0.6179,0.7827,-0.0748,0,-0.2794,0.1296,-0.9514,0,1.6926,1.8775,-0.5801,1]},
{"frame":103,"values":[0.715,-0.6323,-0.2984,0,0.6427,0.7624,-0.0753,0,-0.2751,0.138,-0.9515,0,1.7025,1.8571,-0.5767,1]},
{"frame":104,"values":[0.6961,-0.6531,-0.2982,0,0.6649,0.7431,-0.0756,0,-0.2709,0.1456,-0.9515,0,1.7119,1.8371,-0.5736,1]},
{"frame":105,"values":[0.6785,-0.6715,-0.298,0,0.6845,0.7251,-0.0756,0,-0.2668,0.1527,-0.9516,0,1.7209,1.8177,-0.5707,1]},
{"frame":106,"values":[0.6621,-0.6877,-0.2978,0,0.7018,0.7084,-0.0753,0,-0.2628,0.1591,-0.9516,0,1.7294,1.7987,-0.5681,1]},
{"frame":107,"values":[0.6472,-0.7018,-0.2977,0,0.717,0.693,-0.0749,0,-0.2589,0.165,-0.9517,0,1.7375,1.7801,-0.5658,1]},
{"frame":108,"values":[0.6336,-0.7141,-0.2977,0,0.7304,0.679,-0.0743,0,-0.2552,0.1704,-0.9518,0,1.745,1.7618,-0.5638,1]},
{"frame":109,"values":[0.6213,-0.7248,-0.2978,0,0.742,0.6663,-0.0735,0,-0.2517,0.1754,-0.9518,0,1.752,1.7439,-0.5621,1]},
{"frame":110,"values":[0.6103,-0.734,-0.298,0,0.7523,0.6549,-0.0725,0,-0.2483,0.1799,-0.9518,0,1.7585,1.7263,-0.5607,1]},
{"frame":111,"values":[0.6003,-0.7421,-0.2982,0,0.7613,0.6445,-0.0714,0,-0.2452,0.1841,-0.9518,0,1.7644,1.7088,-0.5597,1]},
{"frame":112,"values":[0.5912,-0.7493,-0.2984,0,0.7693,0.635,-0.0703,0,-0.2422,0.188,-0.9518,0,1.7698,1.6915,-0.559,1]},
{"frame":113,"values":[0.5828,-0.7557,-0.2987,0,0.7766,0.6262,-0.0691,0,-0.2393,0.1917,-0.9518,0,1.7747,1.6742,-0.5586,1]},
{"frame":114,"values":[0.5748,-0.7617,-0.299,0,0.7834,0.6178,-0.0679,0,-0.2365,0.1952,-0.9518,0,1.779,1.6569,-0.5586,1]},
{"frame":115,"values":[0.5669,-0.7674,-0.2994,0,0.7899,0.6096,-0.0668,0,-0.2337,0.1986,-0.9518,0,1.7829,1.6395,-0.5588,1]},
{"frame":116,"values":[0.5589,-0.7731,-0.2998,0,0.7964,0.6012,-0.0657,0,-0.231,0.202,-0.9518,0,1.7863,1.6218,-0.5594,1]},
{"frame":117,"values":[0.5505,-0.779,-0.3001,0,0.8031,0.5924,-0.0647,0,-0.2282,0.2054,-0.9517,0,1.7892,1.6039,-0.5603,1]},
{"frame":118,"values":[0.5413,-0.7853,-0.3005,0,0.8101,0.5828,-0.0638,0,-0.2252,0.2089,-0.9517,0,1.7917,1.5855,-0.5614,1]},
{"frame":119,"values":[0.5311,-0.7921,-0.3008,0,0.8177,0.5722,-0.0631,0,-0.2221,0.2125,-0.9516,0,1.7939,1.5667,-0.5628,1]},
{"frame":120,"values":[0.5195,-0.7996,-0.3011,0,0.826,0.5602,-0.0626,0,-0.2188,0.2162,-0.9515,0,1.7957,1.5474,-0.5644,1]},
{"frame":121,"values":[0.5064,-0.8079,-0.3014,0,0.835,0.5466,-0.0624,0,-0.2152,0.2201,-0.9515,0,1.7972,1.5276,-0.5661,1]},
{"frame":122,"values":[0.4914,-0.8171,-0.3016,0,0.845,0.5312,-0.0624,0,-0.2112,0.2242,-0.9514,0,1.7985,1.5071,-0.5681,1]},
{"frame":123,"values":[0.4743,-0.827,-0.3018,0,0.8557,0.5136,-0.0627,0,-0.2069,0.2285,-0.9513,0,1.7997,1.4859,-0.5702,1]},
{"frame":124,"values":[0.4549,-0.8378,-0.3018,0,0.8673,0.4937,-0.0633,0,-0.202,0.233,-0.9513,0,1.8006,1.4641,-0.5725,1]},
{"frame":125,"values":[0.4331,-0.8493,-0.3018,0,0.8796,0.4713,-0.0642,0,-0.1967,0.2377,-0.9512,0,1.8014,1.4416,-0.5748,1]},
{"frame":126,"values":[0.4086,-0.8614,-0.3016,0,0.8925,0.4463,-0.0654,0,-0.1909,0.2425,-0.9512,0,1.8022,1.4184,-0.5773,1]},
{"frame":127,"values":[0.3814,-0.8739,-0.3013,0,0.9058,0.4184,-0.0668,0,-0.1845,0.2475,-0.9512,0,1.8028,1.3945,-0.5798,1]},
{"frame":128,"values":[0.3513,-0.8866,-0.3009,0,0.9193,0.3875,-0.0686,0,-0.1775,0.2525,-0.9512,0,1.8035,1.3699,-0.5823,1]},
{"frame":129,"values":[0.3183,-0.8992,-0.3003,0,0.9327,0.3537,-0.0707,0,-0.1698,0.2576,-0.9512,0,1.8041,1.3447,-0.5849,1]},
{"frame":130,"values":[0.2823,-0.9114,-0.2995,0,0.9456,0.3169,-0.073,0,-0.1615,0.2626,-0.9513,0,1.8047,1.3188,-0.5875,1]},
{"frame":131,"values":[0.2385,-0.9244,-0.2978,0,0.9592,0.2722,-0.0769,0,-0.1522,0.2673,-0.9515,0,1.7969,1.2907,-0.5881,1]},
{"frame":132,"values":[0.1809,-0.9384,-0.2945,0,0.9732,0.2139,-0.0838,0,-0.1416,0.2714,-0.952,0,1.772,1.2591,-0.5847,1]},
{"frame":133,"values":[0.1085,-0.9512,-0.2888,0,0.9856,0.1408,-0.0936,0,-0.1297,0.2745,-0.9528,0,1.7298,1.224,-0.5774,1]},
{"frame":134,"values":[0.0202,-0.9597,-0.2802,0,0.993,0.0519,-0.1061,0,-0.1164,0.2761,-0.9541,0,1.6706,1.1855,-0.5663,1]},
{"frame":135,"values":[-0.0839,-0.9599,-0.2677,0,0.9912,-0.0529,-0.121,0,-0.102,0.2755,-0.9559,0,1.5951,1.1439,-0.5517,1]},
{"frame":136,"values":[-0.2024,-0.9467,-0.2504,0,0.9754,-0.1721,-0.1375,0,-0.0871,0.2721,-0.9583,0,1.5047,1.0997,-0.534,1]},
{"frame":137,"values":[-0.3316,-0.9155,-0.2278,0,0.9406,-0.3023,-0.1544,0,-0.0725,0.2654,-0.9614,0,1.4011,1.0534,-0.5138,1]},
{"frame":138,"values":[-0.4656,-0.8622,-0.1994,0,0.883,-0.4375,-0.17,0,-0.0593,0.2552,-0.9651,0,1.2868,1.0057,-0.4919,1]},
{"frame":139,"values":[-0.5962,-0.7856,-0.1657,0,0.8014,-0.5696,-0.1826,0,-0.049,0.2417,-0.9691,0,1.165,0.9575,-0.4691,1]},
{"frame":140,"values":[-0.7147,-0.6876,-0.128,0,0.6981,-0.6901,-0.1907,0,-0.0428,0.2256,-0.9733,0,1.0392,0.9095,-0.4464,1]},
{"frame":141,"values":[-0.814,-0.5742,-0.088,0,0.5794,-0.7918,-0.1933,0,-0.0413,0.2084,-0.9772,0,0.913,0.8627,-0.4248,1]},
